horrid: [[0.74320804 0.23327297 0.023519  ]]
flight: [[0.00128846 0.94648766 0.05222388]]
blinding: [[0.78027676 0.17253616 0.04718708]]
detection: [[0.19377119 0.41963824 0.38659056]]
beast: [[0.07608474 0.90024562 0.02366963]]
hellish: [[0.74320804 0.23327297 0.023519  ]]
incendiary: [[0.87838238 0.04782185 0.07379577]]
thunderous: [[0.34805979 0.48596693 0.16597327]]
knife: [[0.01143465 0.12340881 0.86515654]]
armor: [[0.26149184 0.27407687 0.46443129]]
arrow(s: [[0.21430652 0.35599673 0.42969675]]
charm: [[0.71229104 0.00404836 0.28366059]]
holy: [[0.14222753 0.68187235 0.17590012]]
stop: [[0.21759646 0.00586912 0.77653442]]
scream: [[0.08447688 0.32584606 0.58967706]]
smite: [[0.50961219 0.28503709 0.20535072]]
telekinesis: [[0.45266304 0.53643174 0.01090522]]
freezing: [[0.77809874 0.18623453 0.03566674]]
delayed: [[0.71690354 0.15428342 0.12881303]]
gravity: [[5.68934108e-05 9.63521866e-01 3.64212406e-02]]
sense: [[3.11153195e-04 2.15070194e-01 7.84618653e-01]]
alacrity: [[0.15309936 0.79283959 0.05406105]]
good: [[5.30413070e-01 4.69586605e-01 3.24307051e-07]]
chest: [[0.08076755 0.00283748 0.91639497]]
vine: [[0.09417025 0.8247705  0.08105926]]
hypnotic: [[0.45762346 0.53952307 0.00285347]]
abound: [[0.40797754 0.05808076 0.5339417 ]]
devil: [[0.3554415  0.13967954 0.50487896]]
wish: [[2.05321884e-02 9.79461309e-01 6.50250257e-06]]
contagion: [[0.67694654 0.30156621 0.02148724]]
scorching: [[0.528572   0.45363088 0.01779712]]
gust: [[0.04440242 0.35289634 0.60270124]]
web: [[0.01945576 0.97353302 0.00701122]]
guardian: [[0.4596679  0.19918458 0.34114752]]
maddening: [[0.69709405 0.27417532 0.02873063]]
phantom: [[0.38923293 0.58235536 0.02841171]]
fear: [[0.00223823 0.86737965 0.13038212]]
irresistable: [[0.52510758 0.12184163 0.3530508 ]]
cloud: [[0.33018017 0.27766964 0.39215019]]
antipathy: [[0.09484148 0.65253554 0.25262298]]
sleet: [[2.78059439e-06 7.71648444e-01 2.28348775e-01]]
skill: [[0.00669656 0.9877757  0.00552775]]
food: [[4.97319789e-04 4.64799774e-01 5.34702907e-01]]
banishment: [[5.17055145e-04 8.33072083e-01 1.66410862e-01]]
sickening: [[0.69709405 0.27417532 0.02873063]]
hideous: [[0.53160757 0.46351412 0.00487832]]
resistance: [[0.52510758 0.12184163 0.3530508 ]]
remove: [[0.90542069 0.08886495 0.00571436]]
health: [[4.42291393e-07 9.44743220e-01 5.52563381e-02]]
plant(s: [[0.21430652 0.35599673 0.42969675]]
summons: [[0.36059986 0.28596118 0.35343896]]
crown: [[0.7866888  0.05563353 0.15767767]]
mass: [[0.9162004  0.07999992 0.00379968]]
value: [[0.04183432 0.95562559 0.0025401 ]]
crusader: [[0.92416939 0.00308314 0.07274747]]
aid: [[9.41836316e-05 9.20603588e-01 7.93022280e-02]]
grasping: [[0.47275399 0.02417513 0.50307088]]
spike(s: [[0.21430652 0.35599673 0.42969675]]
ensnaring: [[0.85985106 0.08340337 0.05674556]]
friends: [[0.01216215 0.73954006 0.24829779]]
misleading: [[6.71686263e-01 3.28205151e-01 1.08586033e-04]]
thoughts: [[4.03639335e-01 5.96326445e-01 3.42197178e-05]]
negative: [[3.30071054e-01 6.69870339e-01 5.86076142e-05]]
trap(s: [[0.21430652 0.35599673 0.42969675]]
strike: [[0.46008307 0.02990443 0.5100125 ]]
image: [[3.69134028e-05 7.67170755e-01 2.32792331e-01]]
other: [[0.05069643 0.92096126 0.02834231]]
pyrotechnics: [[5.32561493e-02 9.46550126e-01 1.93724322e-04]]
blade: [[0.00974506 0.49199464 0.4982603 ]]
find: [[9.79397450e-01 2.06025171e-02 3.31304840e-08]]
planar: [[0.13567444 0.85813874 0.00618682]]
door: [[2.04670635e-01 2.78656783e-05 7.95301499e-01]]
minor: [[0.60172754 0.39246626 0.0058062 ]]
compulsion: [[0.11224265 0.57901604 0.30874132]]
maelstrom: [[0.00165866 0.4574615  0.54087984]]
disintigrate: [[0.21430652 0.35599673 0.42969675]]
dissonant: [[0.65420815 0.04815121 0.29764064]]
emotions: [[1.57546530e-05 9.22525453e-01 7.74587922e-02]]
barrage: [[0.01116228 0.48757029 0.50126743]]
teleportation: [[0.20398356 0.55581337 0.24020307]]
incineration: [[0.11302278 0.67853115 0.20844607]]
reverse: [[0.91592163 0.08206461 0.00201376]]
bolt: [[0.00229979 0.2802372  0.71746301]]
flame(s: [[0.21430652 0.35599673 0.42969675]]
searing: [[0.92273317 0.06285526 0.01441157]]
elemental: [[0.01185786 0.78653876 0.20160338]]
investiture: [[0.75770008 0.02426458 0.21803534]]
snowball: [[2.68873984e-04 9.78474342e-01 2.12567840e-02]]
hail: [[0.36163616 0.08623864 0.5521252 ]]
reality: [[5.35344719e-04 9.95448826e-01 4.01582924e-03]]
eye: [[0.14649235 0.01109397 0.84241368]]
ravenous: [[0.62013515 0.11846155 0.2614033 ]]
repose: [[0.14666902 0.10965481 0.74367617]]
elements: [[7.58547258e-04 7.70290439e-01 2.28951014e-01]]
tide: [[0.06878264 0.41664112 0.51457624]]
pattern: [[0.27519655 0.1648845  0.55991895]]
terrain: [[1.03598721e-04 5.63185400e-01 4.36711001e-01]]
burning: [[0.528572   0.45363088 0.01779712]]
hypnosis: [[0.01326369 0.78617546 0.20056085]]
suggestion: [[0.34757614 0.64691036 0.00551349]]
retreat: [[0.51477083 0.00604739 0.47918178]]
zone: [[0.69323252 0.02848696 0.27828052]]
astral: [[0.85597723 0.13155311 0.01246966]]
incite: [[0.576636   0.01372122 0.40964278]]
metal: [[0.42434691 0.57502288 0.00063022]]
modify: [[0.76838832 0.22331466 0.00829702]]
orb: [[0.41969225 0.27328112 0.30702663]]
mind: [[0.46760832 0.52485856 0.00753312]]
calm: [[0.89421671 0.05979156 0.04599173]]
prayer: [[0.78951071 0.16044085 0.05004845]]
seeming: [[0.33042595 0.17346531 0.49610874]]
quiver: [[0.00746492 0.12437178 0.8681633 ]]
transport: [[0.57025821 0.11004034 0.31970145]]
guards: [[0.02754114 0.1447329  0.82772596]]
vitriol: [[0.04512866 0.89797041 0.05690093]]
break: [[0.00937334 0.00180122 0.98882544]]
tree: [[6.01115865e-06 7.49127445e-01 2.50866543e-01]]
mage: [[0.44973138 0.45116897 0.09909965]]
shillelagh: [[0.29183117 0.66671183 0.04145701]]
acid: [[1.61985505e-02 9.83344719e-01 4.56730589e-04]]
sword: [[0.01709656 0.41828261 0.56462083]]
mark: [[0.51736799 0.00395819 0.47867382]]
bones: [[0.7968984  0.19314096 0.00996064]]
creation: [[0.00643617 0.59593706 0.39762677]]
compelling: [[0.91832242 0.00732364 0.07435394]]
contingency: [[0.55690848 0.4286278  0.01446372]]
demons: [[0.77888203 0.19967078 0.02144718]]
time: [[4.27872147e-06 9.59505829e-01 4.04898926e-02]]
regeneration: [[0.11302278 0.67853115 0.20844607]]
prison: [[0.00104954 0.24147089 0.75747957]]
mold: [[0.54647114 0.09212299 0.36140587]]
strider: [[5.14665722e-04 2.56774435e-01 7.42710899e-01]]
earth: [[0.00216362 0.97396213 0.02387425]]
mirage: [[0.02586674 0.70502439 0.26910886]]
sliver: [[0.23198183 0.02024942 0.74776876]]
seeing: [[0.30285843 0.40385974 0.29328183]]
regenerate: [[8.76067456e-01 1.23932184e-01 3.60261078e-07]]
geas: [[0.21430652 0.35599673 0.42969675]]
lance: [[0.11224265 0.57901604 0.30874132]]
weird: [[0.16988768 0.82688972 0.0032226 ]]
telepathic: [[0.45266304 0.53643174 0.01090522]]
shatter: [[0.85411013 0.00276858 0.14312128]]
rebuke: [[0.576636   0.01372122 0.40964278]]
disk: [[2.98334430e-04 4.39120388e-01 5.60581277e-01]]
swift: [[0.69395172 0.00140071 0.30464758]]
fire: [[0.00455316 0.9050137  0.09043314]]
gaseous: [[0.71681759 0.22380629 0.05937613]]
weapon: [[0.06236992 0.43333134 0.50429873]]
lore: [[0.26518522 0.22234135 0.51247343]]
programmed: [[0.59700906 0.30295751 0.10003344]]
storm: [[0.49034108 0.01209403 0.49756489]]
draconic: [[0.05237856 0.94520861 0.00241283]]
barrier: [[0.03894792 0.05467689 0.90637519]]
splash: [[0.25082978 0.06955307 0.67961715]]
feast: [[0.09240063 0.0701201  0.83747927]]
distort: [[0.93607879 0.04429868 0.01962253]]
private: [[9.90287848e-01 8.19933427e-04 8.89221850e-03]]
flame: [[0.0014925  0.89105477 0.10745273]]
fissure: [[0.12044978 0.03158431 0.84796591]]
speak: [[0.69942854 0.29071369 0.00985777]]
aberration: [[0.01780914 0.96102301 0.02116785]]
sacred: [[0.80828197 0.01029112 0.18142691]]
word: [[0.47725538 0.01778955 0.50495507]]
dawn: [[0.020396  0.7380162 0.2415878]]
gab: [[8.33585218e-05 9.57561271e-01 4.23553707e-02]]
hallucinatory: [[0.54665235 0.25960848 0.19373917]]
snare: [[0.21912646 0.63817946 0.14269408]]
shape: [[0.60206046 0.11706877 0.28087077]]
homunculus: [[0.09678592 0.88998986 0.01322422]]
tremor: [[0.11662835 0.22206901 0.66130264]]
object: [[6.83555344e-04 9.45960422e-01 5.33560223e-02]]
nature: [[5.05354231e-05 9.92592834e-01 7.35663021e-03]]
star(s: [[0.21430652 0.35599673 0.42969675]]
lock: [[0.00648794 0.07597331 0.91753875]]
prismatic: [[0.82878346 0.14586407 0.02535247]]
demon: [[0.06777348 0.86572894 0.06649758]]
vicious: [[0.94618238 0.03954319 0.01427444]]
objects: [[0.00152383 0.95805065 0.04042552]]
dance: [[3.04348604e-01 6.95611823e-01 3.95730644e-05]]
deafness: [[0.00332044 0.98357836 0.01310119]]
feather: [[0.78535223 0.04766607 0.1669817 ]]
killer: [[0.31110402 0.00361426 0.68528172]]
caustic: [[0.91393678 0.08027204 0.00579118]]
moon: [[8.49096029e-06 6.02311400e-01 3.97680109e-01]]
curse: [[0.02038995 0.42319415 0.55641591]]
dispel: [[8.49390370e-01 1.49802428e-01 8.07201507e-04]]
illusion: [[0.50733137 0.34072735 0.15194127]]
shocking: [[0.72101011 0.24307313 0.03591676]]
memory: [[0.02347185 0.52766885 0.4488593 ]]
trick: [[0.18793889 0.19084798 0.62121313]]
awakening: [[0.01099327 0.74654836 0.24245837]]
projection: [[0.10841539 0.5720859  0.3194987 ]]
ray: [[0.47991268 0.00322678 0.51686054]]
enfeeblement: [[0.21430652 0.35599673 0.42969675]]
temporal: [[0.62602368 0.37272291 0.00125341]]
growth: [[0.01607288 0.11038003 0.87354709]]
locate: [[9.93099629e-01 6.34129657e-03 5.59074100e-04]]
spare: [[8.69218391e-01 1.30775391e-01 6.21780407e-06]]
magnificent: [[0.87155448 0.00276536 0.12568016]]
dust: [[2.41255149e-01 7.58564135e-01 1.80715580e-04]]
heat: [[0.90150889 0.09757856 0.00091256]]
flock: [[0.56527802 0.06638078 0.3683412 ]]
feeblemind: [[0.21430652 0.35599673 0.42969675]]
lesser: [[5.07264709e-01 4.92730222e-01 5.06891666e-06]]
protection: [[0.42814511 0.12929517 0.44255971]]
drink: [[0.02379472 0.3815226  0.59468268]]
resurrection: [[0.21076467 0.77657692 0.01265842]]
shock: [[0.00336791 0.68910728 0.30752481]]
conjure: [[0.84683838 0.10388953 0.04927209]]
thunder: [[0.34805979 0.48596693 0.16597327]]
undead: [[0.06777348 0.86572894 0.06649758]]
evil: [[0.12389719 0.87448643 0.00161638]]
awaken: [[0.79121195 0.08750325 0.1212848 ]]
breathing: [[0.17394042 0.16346775 0.66259183]]
climbing: [[0.01414048 0.57443513 0.41142439]]
instant: [[0.72660735 0.25745685 0.0159358 ]]
thaumaturgy: [[0.21430652 0.35599673 0.42969675]]
feeble: [[0.76727711 0.23121692 0.00150597]]
lingering: [[0.5490094 0.3497187 0.1012719]]
recall: [[0.21732885 0.51915878 0.26351237]]
silence: [[0.04214962 0.75964457 0.19820582]]
pulse: [[0.21022783 0.01996205 0.76981013]]
reincarnation: [[0.21076467 0.77657692 0.01265842]]
missile: [[0.00122531 0.18080151 0.81797318]]
binding: [[0.50865127 0.0432488  0.44809993]]
secret: [[0.68636362 0.21900953 0.09462684]]
freeze: [[0.12743189 0.82223992 0.05032819]]
black: [[0.85441725 0.01561573 0.12996702]]
knock: [[0.03144808 0.78078565 0.18776627]]
dead: [[1.16018952e-01 8.83132472e-01 8.48575686e-04]]
hold: [[0.76621337 0.03732852 0.19645811]]
friendship: [[0.06006583 0.63697874 0.30295544]]
booming: [[0.70128475 0.00525681 0.29345844]]
vengeance: [[0.30106503 0.66800312 0.03093185]]
alter: [[8.55832173e-01 1.43596703e-01 5.71123642e-04]]
summon: [[0.36059986 0.28596118 0.35343896]]
blur: [[0.31934049 0.42856674 0.25209277]]
brew: [[0.01342797 0.48204414 0.50452788]]
lightning: [[0.15505687 0.6472085  0.19773463]]
blight: [[0.11378862 0.88356401 0.00264737]]
elementals: [[7.58547258e-04 7.70290439e-01 2.28951014e-01]]
sequester: [[0.00172879 0.96949813 0.02877308]]
mockery: [[2.15653723e-04 7.65574112e-01 2.34210234e-01]]
scatter: [[9.43868688e-01 5.57542776e-02 3.77034028e-04]]
blooming: [[0.02021827 0.83877187 0.14100985]]
favor: [[0.02113965 0.51072821 0.46813215]]
shunt: [[0.00794491 0.30375052 0.68830457]]
synaptic: [[0.86549008 0.03736631 0.09714361]]
wrath: [[0.30106503 0.66800312 0.03093185]]
disguise: [[0.3887346  0.11382851 0.49743689]]
intellect: [[0.31927037 0.52875797 0.15197166]]
burst: [[0.48043121 0.03004086 0.48952792]]
hand(s: [[0.21430652 0.35599673 0.42969675]]
move: [[0.60997548 0.31049209 0.07953242]]
stride: [[0.00299619 0.24485658 0.75214723]]
prestidigitation: [[0.12541826 0.83561278 0.03896895]]
radiance: [[0.11398109 0.45855892 0.42745999]]
staggering: [[0.59586019 0.36175441 0.04238539]]
transmute: [[0.75772445 0.04104589 0.20122966]]
symbol: [[0.08387264 0.11111136 0.805016  ]]
darkness: [[0.02586674 0.70502439 0.26910886]]
water: [[0.26069673 0.31125102 0.42805225]]
false: [[9.06529644e-01 9.34528005e-02 1.75551293e-05]]
confusion: [[8.90707669e-03 9.90545297e-01 5.47626630e-04]]
mighty: [[0.71683998 0.26760051 0.01555951]]
see: [[0.88552848 0.10560769 0.00886384]]
purify: [[0.86492095 0.00697611 0.12810294]]
cold: [[0.00095056 0.86272736 0.13632208]]
magic: [[0.45749526 0.21512155 0.32738319]]
raise: [[9.25398590e-01 7.45858887e-02 1.55217871e-05]]
tidal: [[0.7740744  0.09575899 0.1301666 ]]
power: [[0.47659743 0.52121801 0.00218456]]
spell: [[0.00529743 0.85113854 0.14356403]]
stinking: [[0.62222622 0.09989224 0.27788154]]
levitate: [[0.14129731 0.58156579 0.2771369 ]]
bite: [[0.00414483 0.15152151 0.84433366]]
sunbeam: [[4.89164822e-06 5.79270015e-01 4.20725093e-01]]
beings: [[4.50392763e-01 5.49458982e-01 1.48255499e-04]]
mirror: [[0.56514324 0.11018281 0.32467395]]
grasp: [[0.47275399 0.02417513 0.50307088]]
create: [[9.37477433e-01 6.18242416e-02 6.98325399e-04]]
warding: [[0.45024486 0.48348405 0.06627109]]
faithful: [[0.64128066 0.35485244 0.00386691]]
death: [[4.51860471e-01 5.47941164e-01 1.98364937e-04]]
bark: [[7.06617285e-05 8.40129218e-01 1.59800121e-01]]
insect: [[0.22229203 0.77448955 0.00321841]]
madness: [[0.33078296 0.59904626 0.07017078]]
whispers: [[0.21683356 0.09310543 0.69006101]]
green: [[0.0599351  0.70107244 0.23899246]]
enthrall: [[0.40194607 0.08762947 0.51042446]]
bubble: [[0.29558627 0.26273073 0.441683  ]]
antimagic: [[0.21430652 0.35599673 0.42969675]]
polymorph: [[7.41146221e-03 9.91735418e-01 8.53119721e-04]]
project: [[0.65510651 0.00797238 0.33692111]]
spritual: [[0.21430652 0.35599673 0.42969675]]
alarm: [[0.11102027 0.22694125 0.66203848]]
sickness: [[0.07040133 0.8666221  0.06297656]]
non-: [[0.91613122 0.05987082 0.02399796]]
enemies: [[0.09035727 0.45967172 0.44997102]]
dying: [[0.20835542 0.7851391  0.00650547]]
daylight: [[0.01927943 0.95515964 0.02556093]]
sleep: [[0.00072094 0.64116261 0.35811644]]
sending: [[0.33125423 0.6608205  0.00792528]]
step: [[0.01419522 0.0020364  0.98376838]]
heroism: [[0.44952801 0.48542432 0.06504767]]
inflict: [[8.03673231e-01 1.95675196e-01 6.51573393e-04]]
essence: [[0.23901799 0.68748608 0.07349594]]
produce: [[9.97689845e-01 2.14674055e-03 1.63413993e-04]]
scattering: [[0.13624505 0.81726349 0.04649146]]
ice: [[0.22617991 0.66719309 0.106627  ]]
gods: [[0.38604549 0.6122955  0.00165901]]
flesh: [[0.33756229 0.60702828 0.05540943]]
static: [[1.35844516e-01 8.64074811e-01 8.06730882e-05]]
walk: [[0.00472473 0.1753534  0.81992188]]
legend: [[0.11169977 0.59854902 0.28975121]]
unseen: [[0.58795731 0.11160556 0.30043713]]
laughter: [[0.04815091 0.93245    0.01939909]]
reincarnate: [[0.63194828 0.32805333 0.03999839]]
divination: [[0.00159465 0.51520004 0.48320531]]
tentacles: [[0.28421194 0.57780633 0.13798173]]
infestation: [[0.0059278  0.47882991 0.51524229]]
cure: [[0.9747356  0.01358942 0.01167499]]
vivification: [[0.21430652 0.35599673 0.42969675]]
mental: [[6.25285934e-01 3.74488156e-01 2.25909990e-04]]
field: [[2.69285102e-04 4.24598969e-01 5.75131746e-01]]
hunter: [[0.61214377 0.00127595 0.38658028]]
whip: [[0.15026335 0.01490441 0.83483224]]
guiding: [[0.66803588 0.04860851 0.28335562]]
immolation: [[0.00440046 0.84231414 0.1532854 ]]
soul: [[1.72581443e-01 8.27401611e-01 1.69460126e-05]]
disaster: [[0.03893536 0.85078701 0.11027763]]
tiny: [[0.88642216 0.11233364 0.0012442 ]]
zephyr: [[0.12393145 0.8696788  0.00638975]]
messenger: [[0.48729197 0.12363769 0.38907034]]
spider: [[0.74720313 0.23106737 0.0217295 ]]
scrying: [[0.00179852 0.84054822 0.15765326]]
true: [[7.63331857e-01 2.36668097e-01 4.63580251e-08]]
bless: [[0.85712804 0.00920386 0.1336681 ]]
slow: [[0.19610795 0.77069055 0.03320151]]
transformation: [[0.01691864 0.49154346 0.4915379 ]]
clairvoyance: [[0.13164935 0.68550809 0.18284256]]
dancing: [[0.52044615 0.47649584 0.00305802]]
enlarge: [[0.90057002 0.04936164 0.05006833]]
creature: [[0.09678592 0.88998986 0.01322422]]
cage: [[0.00133517 0.11101888 0.88764595]]
lure: [[0.82596931 0.01087053 0.16316017]]
arcane: [[0.45749526 0.21512155 0.32738319]]
pain: [[1.23393435e-06 7.55832841e-01 2.44165925e-01]]
silent: [[0.98981643 0.00128447 0.0088991 ]]
tongues: [[0.29747742 0.39615973 0.30636285]]
shift: [[0.46390961 0.04237459 0.49371579]]
shroud: [[0.18399593 0.04819023 0.76781384]]
glyph: [[6.43484404e-01 6.17443183e-04 3.55898153e-01]]
enervation: [[0.21430652 0.35599673 0.42969675]]
movement: [[0.00833895 0.59321026 0.39845079]]
identify: [[6.62732645e-01 3.37179326e-01 8.80286850e-05]]
bestow: [[0.64414662 0.35427788 0.0015755 ]]
gas: [[7.08440551e-07 8.29350398e-01 1.70648893e-01]]
fabrication: [[0.01717139 0.89069484 0.09213378]]
bow: [[0.00746492 0.12437178 0.8681633 ]]
monster: [[0.19773399 0.67717656 0.12508945]]
plague: [[0.36549432 0.1233983  0.51110737]]
message: [[0.01947141 0.56758297 0.41294562]]
ceremony: [[0.01062626 0.96818771 0.02118603]]
ravage: [[0.36549432 0.1233983  0.51110737]]
antilife: [[0.21430652 0.35599673 0.42969675]]
greed: [[0.41797573 0.53617831 0.04584595]]
construct: [[0.36359786 0.63430111 0.00210103]]
empowerment: [[0.04044678 0.26729957 0.69225365]]
shadow: [[0.1354132  0.79711082 0.06747598]]
psychic: [[0.45266304 0.53643174 0.01090522]]
giant: [[0.77556506 0.01247142 0.21196352]]
touch: [[0.23720209 0.04284005 0.71995786]]
hound: [[4.05513608e-03 9.95931403e-01 1.34608090e-05]]
bane: [[0.17409023 0.17510874 0.65080104]]
healing: [[0.60800935 0.27817397 0.11381668]]
truth: [[0.00797477 0.98958611 0.00243912]]
grove: [[2.37079219e-04 4.96342584e-01 5.03420336e-01]]
banishing: [[0.6145041  0.22107609 0.16441981]]
immunity: [[0.13165399 0.22129041 0.6470556 ]]
kill: [[0.04624312 0.89434893 0.05940795]]
call: [[0.86052421 0.00845548 0.13102031]]
ball: [[3.44016843e-06 4.30878986e-01 5.69117574e-01]]
steed: [[6.72234491e-04 9.30615251e-01 6.87125144e-02]]
expeditious: [[0.83717737 0.1245801  0.03824253]]
gentle: [[0.74474514 0.24521215 0.01004271]]
shape(s: [[0.21430652 0.35599673 0.42969675]]
floating: [[0.93170722 0.05547641 0.01281637]]
toll: [[0.91180371 0.08600021 0.00219608]]
aura: [[0.51273914 0.17393876 0.31332211]]
waves: [[2.89123834e-01 4.98054046e-04 7.10378112e-01]]
heal: [[0.24079968 0.72676755 0.03243277]]
self: [[0.00254539 0.90084456 0.09661005]]
ally: [[0.03059314 0.20941309 0.75999377]]
force: [[0.18089434 0.71364775 0.10545792]]
cordon: [[0.43172906 0.0808535  0.48741744]]
primal: [[7.63587712e-01 2.36310001e-01 1.02286763e-04]]
finger: [[0.55316602 0.0018301  0.44500388]]
energy: [[2.34226940e-01 7.65487570e-01 2.85490856e-04]]
reduce: [[9.52071232e-01 4.79241255e-02 4.64298915e-06]]
invulnerability: [[3.40746504e-04 6.61100680e-01 3.38558573e-01]]
poison: [[0.05390287 0.42071045 0.52538668]]
arrow: [[0.08951962 0.01581732 0.89466306]]
celestial: [[0.34821248 0.63738159 0.01440594]]
hand: [[0.94558446 0.02719988 0.02721566]]
guidance: [[0.2791206  0.71179433 0.00908507]]
stone: [[0.00055126 0.50971662 0.48973212]]
ability: [[0.0028786  0.49073881 0.50638259]]
fortune: [[0.65374099 0.34409942 0.00215959]]
detect: [[8.84559225e-01 1.14777926e-01 6.62848519e-04]]
bond: [[0.51822996 0.48119868 0.00057136]]
illusory: [[0.50733137 0.34072735 0.15194127]]
maze: [[0.12042443 0.37971212 0.49986345]]
dagger(s: [[0.21430652 0.35599673 0.42969675]]
sand: [[0.03789101 0.44662643 0.51548256]]
glibness: [[0.02958699 0.87720463 0.09320839]]
eldritch: [[0.19773399 0.67717656 0.12508945]]
invisibility: [[0.06209913 0.64409146 0.29380941]]
dimension: [[0.03240518 0.45641233 0.51118249]]
fiend: [[0.00887732 0.77527113 0.21585155]]
speech: [[5.21874933e-04 9.93962756e-01 5.51536904e-03]]
telepathy: [[0.45266304 0.53643174 0.01090522]]
divine: [[0.61864502 0.29532233 0.08603265]]
wall: [[0.30830656 0.2437304  0.44796305]]
sphere: [[0.40958032 0.00107557 0.58934412]]
wrathful: [[7.53582895e-01 2.45886704e-01 5.30401584e-04]]
faith: [[0.13292835 0.86382857 0.00324309]]
comprehend: [[0.7739247  0.20619424 0.01988106]]
major: [[8.38934383e-01 7.76369770e-05 1.60987980e-01]]
chain: [[0.78224019 0.00450783 0.21325197]]
cone: [[0.600467   0.03396027 0.36557273]]
savagery: [[0.58977921 0.10350758 0.30671321]]
path: [[0.0137499  0.35964461 0.62660548]]
shield: [[0.4581465 0.1478633 0.3939902]]
absorb: [[0.96256065 0.00609806 0.0313413 ]]
wave: [[0.45015359 0.0520207  0.49782572]]
destructive: [[0.83479281 0.15617218 0.00903502]]
erupting: [[0.55489856 0.07166718 0.37343425]]
script: [[0.01292508 0.03264057 0.95443435]]
transference: [[0.37820689 0.0016185  0.62017462]]
flare: [[0.02740131 0.00117329 0.9714254 ]]
warp: [[0.16362152 0.11427278 0.7221057 ]]
simulacrum: [[0.52160532 0.45516335 0.02323133]]
void: [[1.62043142e-05 8.29737475e-01 1.70246320e-01]]
person: [[0.00931323 0.97616763 0.01451914]]
disease: [[1.24951016e-05 9.87607900e-01 1.23796053e-02]]
phantasmal: [[0.72945457 0.08742083 0.18312461]]
flaming: [[0.528572   0.45363088 0.01779712]]
swarm: [[0.0052315  0.30736245 0.68740605]]
blindness: [[0.02958699 0.87720463 0.09320839]]
color: [[0.00395156 0.64816241 0.34788602]]
vitriolic: [[0.54668143 0.15620316 0.2971154 ]]
dark: [[0.5872986  0.40768624 0.00501516]]
dominate: [[0.99240175 0.00381956 0.00377869]]
hallucination: [[8.69765317e-04 8.83751083e-01 1.15379151e-01]]
guardians: [[0.4596679  0.19918458 0.34114752]]
motivational: [[0.21816121 0.75635051 0.02548827]]
enhance: [[8.96399703e-01 1.03251727e-01 3.48569999e-04]]
purity: [[0.07784722 0.86094758 0.06120519]]
harm: [[1.59888417e-03 9.98385704e-01 1.54123117e-05]]
feign: [[0.87625571 0.05735424 0.06639005]]
flood: [[0.02366248 0.15934367 0.81699385]]
command: [[0.73987453 0.01291472 0.24721075]]
greater: [[6.86333222e-01 3.13609834e-01 5.69440367e-05]]
imprisonment: [[0.00361678 0.74287823 0.25350499]]
freedom: [[0.18546445 0.59688656 0.21764899]]
weather: [[5.85604513e-05 8.38392923e-01 1.61548516e-01]]
mending: [[0.43617269 0.55328538 0.01054193]]
sinkhole: [[2.53229462e-06 8.05817492e-04 9.99191650e-01]]
destroy: [[0.80030538 0.00080218 0.19889244]]
plane: [[3.90121178e-04 9.66038779e-01 3.35711003e-02]]
servant: [[0.01382146 0.88426805 0.10191049]]
frost: [[0.00138578 0.55642228 0.44219193]]
meld: [[0.78611926 0.00473046 0.20915029]]
cause: [[9.05897001e-01 9.41017649e-02 1.23437855e-06]]
stun: [[0.00248074 0.83289132 0.16462795]]
language(s: [[0.01288793 0.95812554 0.02898652]]
sight: [[0.15452865 0.76326036 0.08221099]]
dream: [[0.18478472 0.34620009 0.46901519]]
restoration: [[0.04518045 0.75306337 0.20175618]]
life: [[8.43815500e-04 9.35998296e-01 6.31578886e-02]]
continuous: [[0.94132369 0.00755907 0.05111724]]
form: [[0.00134155 0.27253788 0.72612058]]
vitality: [[0.19773036 0.49489832 0.30737131]]
blank: [[0.01650307 0.04620771 0.93728922]]
primordial: [[0.55017099 0.25723414 0.19259488]]
contact: [[6.91233171e-01 2.74595930e-04 3.08492234e-01]]
bonfire: [[0.00455316 0.9050137  0.09043314]]
familiar: [[0.30520006 0.51793032 0.17686962]]
withering: [[0.23477721 0.60167443 0.16354835]]
fall: [[0.17483392 0.80399093 0.02117515]]
magnify: [[0.72328299 0.04069805 0.23601897]]
hope: [[1.47172160e-01 8.52706147e-01 1.21692889e-04]]
wilting: [[0.04146048 0.84319046 0.11534905]]
fortress: [[0.05107487 0.06111044 0.88781469]]
jump: [[0.01044378 0.15034188 0.83921434]]
sanctuary: [[0.56288812 0.25790957 0.17920231]]
chill: [[0.02367867 0.60889642 0.36742491]]
fabricate: [[0.90361469 0.09528542 0.0010999 ]]
hallow: [[0.1767427  0.82179325 0.00146406]]
entangle: [[0.41058911 0.32131659 0.26809429]]
whirlwind: [[0.40194607 0.08762947 0.51042446]]
gift: [[0.42758711 0.01531685 0.55709604]]